50,6.77
51,7.73
52,4.04
53,5.01
56,5.50
57,3.56
58,6.93
59,3.78
60,6.56
62,7.83
63,7.80
117,6.38
118,7.90
119,7.82
120,4.56
121,3.67
122,6.51
123,7.19
124,3.82
125,3.57
126,3.42
127,5.16
128,3.71
129,3.24
130,5.65
131,4.10
132,3.15
133,2.59
134,7.41
136,5.84
137,7.62
214,7.05
217,3.92
218,5.82
219,7.74
220,4.04
221,3.78
222,6.52
223,6.05
224,3.08
225,3.68
226,6.38
227,2.78
228,3.29
229,6.26
230,3.49
231,3.76
232,3.37
233,5.63
234,4.09
235,3.67
236,6.08
237,3.95
238,4.05
239,4.40
240,7.17
241,3.24
242,3.13
265,5.53
266,3.90
267,5.72
268,6.61
269,3.26
270,3.24
271,5.62
272,6.75
273,3.60
274,3.77
275,7.30
277,6.68
330,7.49
331,7.76
332,7.42
333,3.59
334,4.75
335,6.05
336,5.91
338,4.79
339,3.54
